4183
-100000 -100000
-100000 -99999
-100000 -99998
-100000 -99997
-100000 -99996
-100000 -99995
-100000 -99994
-100000 -99993
-100000 -99992
-100000 -99991
-100000 -99990
-100000 -99989
-100000 -99988
-100000 -99987
-100000 -99986
-100000 -99985
-100000 -99984
-100000 -99983
-100000 -99982
-100000 -99981
-100000 -99980
-100000 -99979
-100000 -99978
-100000 -99977
-100000 -99976
-100000 -99975
-100000 -99974
-100000 -99973
-100000 -99972
-100000 -99971
-100000 -99970
-100000 -99969
-100000 -99968
-100000 -99967
-100000 -99966
-100000 -99965
-100000 -99964
-100000 -99963
-100000 -99962
-100000 -99961
-100000 -99960
-100000 -99959
-100000 -99958
-100000 -99957
-100000 -99956
-100000 -99955
-100000 -99954
-100000 -99953
-100000 -99952
-100000 -99951
-100000 -99950
-100000 -99949
-100000 -99948
-100000 -99947
-100000 -99946
-100000 -99945
-100000 -99944
-100000 -99943
-100000 -99942
-100000 -99941
-100000 -99940
-100000 -99939
-100000 -99938
-100000 -99937
-100000 -99936
-100000 -99935
-100000 -99934
-100000 -99933
-100000 -99932
-100000 -99931
-100000 -99930
-100000 -99929
-100000 -99928
-100000 -99927
-100000 -99926
-100000 -99925
-100000 -99924
-100000 -99923
-100000 -99922
-100000 -99921
-100000 -99920
-100000 -99919
-100000 -99918
-100000 -99917
-100000 -99916
-100000 -99915
-100000 -99914
-100000 -99913
-100000 -99912
-100000 -99911
-100000 -99910
-100000 -99909
-100000 -99908
-100000 -99907
-100000 -99906
-100000 -99905
-100000 -99904
-100000 -99903
-100000 -99902
-100000 -99901
-100000 -99900
-100000 -99899
-100000 -99898
-100000 -99897
-100000 -99896
-100000 -99895
-100000 -99894
-100000 -99893
-100000 -99892
-100000 -99891
-100000 -99890
-100000 -99889
-100000 -99888
-100000 -99887
-100000 -99886
-100000 -99885
-100000 -99884
-100000 -99883
-100000 -99882
-100000 -99881
-100000 -99880
-100000 -99879
-100000 -99878
-100000 -99877
-100000 -99876
-100000 -99875
-100000 -99874
-100000 -99873
-100000 -99872
-100000 -99871
-100000 -99870
-100000 -99869
-100000 -99868
-100000 -99867
-100000 -99866
-100000 -99865
-100000 -99864
-100000 -99863
-100000 -99862
-100000 -99861
-100000 -99860
-100000 -99859
-100000 -99858
-100000 -99857
-100000 -99856
-100000 -99855
-100000 -99854
-100000 -99853
-100000 -99852
-100000 -99851
-100000 -99850
-100000 -99849
-100000 -99848
-100000 -99847
-100000 -99846
-100000 -99845
-100000 -99844
-100000 -99843
-100000 -99842
-100000 -99841
-100000 -99840
-100000 -99839
-100000 -99838
-100000 -99837
-100000 -99836
-100000 -99835
-100000 -99834
-100000 -99833
-100000 -99832
-100000 -99831
-100000 -99830
-100000 -99829
-100000 -99828
-100000 -99827
-100000 -99826
-100000 -99825
-100000 -99824
-100000 -99823
-100000 -99822
-100000 -99821
-100000 -99820
-100000 -99819
-100000 -99818
-100000 -99817
-100000 -99816
-100000 -99815
-100000 -99814
-100000 -99813
-100000 -99812
-100000 -99811
-100000 -99810
-100000 -99809
-100000 -99808
-100000 -99807
-100000 -99806
-100000 -99805
-100000 -99804
-100000 -99803
-100000 -99802
-100000 -99801
100000 -100000
100000 -99999
100000 -99998
100000 -99997
100000 -99996
100000 -99995
100000 -99994
100000 -99993
100000 -99992
100000 -99991
100000 -99990
100000 -99989
100000 -99988
100000 -99987
100000 -99986
100000 -99985
100000 -99984
100000 -99983
100000 -99982
100000 -99981
100000 -99980
100000 -99979
100000 -99978
100000 -99977
100000 -99976
100000 -99975
100000 -99974
100000 -99973
100000 -99972
100000 -99971
100000 -99970
100000 -99969
100000 -99968
100000 -99967
100000 -99966
100000 -99965
100000 -99964
100000 -99963
100000 -99962
100000 -99961
100000 -99960
100000 -99959
100000 -99958
100000 -99957
100000 -99956
100000 -99955
100000 -99954
100000 -99953
100000 -99952
100000 -99951
100000 -99950
100000 -99949
100000 -99948
100000 -99947
100000 -99946
100000 -99945
100000 -99944
100000 -99943
100000 -99942
100000 -99941
100000 -99940
100000 -99939
100000 -99938
100000 -99937
100000 -99936
100000 -99935
100000 -99934
100000 -99933
100000 -99932
100000 -99931
100000 -99930
100000 -99929
100000 -99928
100000 -99927
100000 -99926
100000 -99925
100000 -99924
100000 -99923
100000 -99922
100000 -99921
100000 -99920
100000 -99919
100000 -99918
100000 -99917
100000 -99916
100000 -99915
100000 -99914
100000 -99913
100000 -99912
100000 -99911
100000 -99910
100000 -99909
100000 -99908
100000 -99907
100000 -99906
100000 -99905
100000 -99904
100000 -99903
100000 -99902
100000 -99901
100000 -99900
100000 -99899
100000 -99898
100000 -99897
100000 -99896
100000 -99895
100000 -99894
100000 -99893
100000 -99892
100000 -99891
100000 -99890
100000 -99889
100000 -99888
100000 -99887
100000 -99886
100000 -99885
100000 -99884
100000 -99883
100000 -99882
100000 -99881
100000 -99880
100000 -99879
100000 -99878
100000 -99877
100000 -99876
100000 -99875
100000 -99874
100000 -99873
100000 -99872
100000 -99871
100000 -99870
100000 -99869
100000 -99868
100000 -99867
100000 -99866
100000 -99865
100000 -99864
100000 -99863
100000 -99862
100000 -99861
100000 -99860
100000 -99859
100000 -99858
100000 -99857
100000 -99856
100000 -99855
100000 -99854
100000 -99853
100000 -99852
100000 -99851
100000 -99850
100000 -99849
100000 -99848
100000 -99847
100000 -99846
100000 -99845
100000 -99844
100000 -99843
100000 -99842
100000 -99841
100000 -99840
100000 -99839
100000 -99838
100000 -99837
100000 -99836
100000 -99835
100000 -99834
100000 -99833
100000 -99832
100000 -99831
100000 -99830
100000 -99829
100000 -99828
100000 -99827
100000 -99826
100000 -99825
100000 -99824
100000 -99823
100000 -99822
100000 -99821
100000 -99820
100000 -99819
100000 -99818
100000 -99817
100000 -99816
100000 -99815
100000 -99814
100000 -99813
100000 -99812
100000 -99811
100000 -99810
100000 -99809
100000 -99808
100000 -99807
100000 -99806
100000 -99805
100000 -99804
100000 -99803
100000 -99802
100000 -99801
100000 100000
100000 99999
100000 99998
100000 99997
100000 99996
100000 99995
100000 99994
100000 99993
100000 99992
100000 99991
100000 99990
100000 99989
100000 99988
100000 99987
100000 99986
100000 99985
100000 99984
100000 99983
100000 99982
100000 99981
100000 99980
100000 99979
100000 99978
100000 99977
100000 99976
100000 99975
100000 99974
100000 99973
100000 99972
100000 99971
100000 99970
100000 99969
100000 99968
100000 99967
100000 99966
100000 99965
100000 99964
100000 99963
100000 99962
100000 99961
100000 99960
100000 99959
100000 99958
100000 99957
100000 99956
100000 99955
100000 99954
100000 99953
100000 99952
100000 99951
100000 99950
100000 99949
100000 99948
100000 99947
100000 99946
100000 99945
100000 99944
100000 99943
100000 99942
100000 99941
100000 99940
100000 99939
100000 99938
100000 99937
100000 99936
100000 99935
100000 99934
100000 99933
100000 99932
100000 99931
100000 99930
100000 99929
100000 99928
100000 99927
100000 99926
100000 99925
100000 99924
100000 99923
100000 99922
100000 99921
100000 99920
100000 99919
100000 99918
100000 99917
100000 99916
100000 99915
100000 99914
100000 99913
100000 99912
100000 99911
100000 99910
100000 99909
100000 99908
100000 99907
100000 99906
100000 99905
100000 99904
100000 99903
100000 99902
100000 99901
100000 99900
100000 99899
100000 99898
100000 99897
100000 99896
100000 99895
100000 99894
100000 99893
100000 99892
100000 99891
100000 99890
100000 99889
100000 99888
100000 99887
100000 99886
100000 99885
100000 99884
100000 99883
100000 99882
100000 99881
100000 99880
100000 99879
100000 99878
100000 99877
100000 99876
100000 99875
100000 99874
100000 99873
100000 99872
100000 99871
100000 99870
100000 99869
100000 99868
100000 99867
100000 99866
100000 99865
100000 99864
100000 99863
100000 99862
100000 99861
100000 99860
100000 99859
100000 99858
100000 99857
100000 99856
100000 99855
100000 99854
100000 99853
100000 99852
100000 99851
100000 99850
100000 99849
100000 99848
100000 99847
100000 99846
100000 99845
100000 99844
100000 99843
100000 99842
100000 99841
100000 99840
100000 99839
100000 99838
100000 99837
100000 99836
100000 99835
100000 99834
100000 99833
100000 99832
100000 99831
100000 99830
100000 99829
100000 99828
100000 99827
100000 99826
100000 99825
100000 99824
100000 99823
100000 99822
100000 99821
100000 99820
100000 99819
100000 99818
100000 99817
100000 99816
100000 99815
100000 99814
100000 99813
100000 99812
100000 99811
100000 99810
100000 99809
100000 99808
100000 99807
100000 99806
100000 99805
100000 99804
100000 99803
100000 99802
100000 99801
200000 200000
200000 199999
200000 199998
200000 199997
200000 199996
200000 199995
200000 199994
200000 199993
200000 199992
200000 199991
-200000 200000
-200000 199999
-200000 199998
-200000 199997
-200000 199996
-200000 199995
-200000 199994
-200000 199993
-200000 199992
-200000 199991
-199999 -300
-199999 -299
-199999 -298
-199999 -297
-199999 -296
-199999 -295
-199999 -294
-199999 -293
-199999 -292
-199999 -291
-199999 -290
-199999 -289
-199999 -288
-199999 -287
-199999 -286
-199999 -285
-199999 -284
-199999 -283
-199999 -282
-199999 -281
-199999 -280
-199999 -279
-199999 -278
-199999 -277
-199999 -276
-199999 -275
-199999 -274
-199999 -273
-199999 -272
-199999 -271
-199999 -270
-199999 -269
-199999 -268
-199999 -267
-199999 -266
-199999 -265
-199999 -264
-199999 -263
-199999 -262
-199999 -261
-199999 -260
-199999 -259
-199999 -258
-199999 -257
-199999 -256
-199999 -255
-199999 -254
-199999 -253
-199999 -252
-199999 -251
-199999 -250
-199999 -249
-199999 -248
-199999 -247
-199999 -246
-199999 -245
-199999 -244
-199999 -243
-199999 -242
-199999 -241
-199999 -240
-199999 -239
-199999 -238
-199999 -237
-199999 -236
-199999 -235
-199999 -234
-199999 -233
-199999 -232
-199999 -231
-199999 -230
-199999 -229
-199999 -228
-199999 -227
-199999 -226
-199999 -225
-199999 -224
-199999 -223
-199999 -222
-199999 -221
-199999 -220
-199999 -219
-199999 -218
-199999 -217
-199999 -216
-199999 -215
-199999 -214
-199999 -213
-199999 -212
-199999 -211
-199999 -210
-199999 -209
-199999 -208
-199999 -207
-199999 -206
-199999 -205
-199999 -204
-199999 -203
-199999 -202
-199999 -201
-199999 -200
-199999 -199
-199999 -198
-199999 -197
-199999 -196
-199999 -195
-199999 -194
-199999 -193
-199999 -192
-199999 -191
-199999 -190
-199999 -189
-199999 -188
-199999 -187
-199999 -186
-199999 -185
-199999 -184
-199999 -183
-199999 -182
-199999 -181
-199999 -180
-199999 -179
-199999 -178
-199999 -177
-199999 -176
-199999 -175
-199999 -174
-199999 -173
-199999 -172
-199999 -171
-199999 -170
-199999 -169
-199999 -168
-199999 -167
-199999 -166
-199999 -165
-199999 -164
-199999 -163
-199999 -162
-199999 -161
-199999 -160
-199999 -159
-199999 -158
-199999 -157
-199999 -156
-199999 -155
-199999 -154
-199999 -153
-199999 -152
-199999 -151
-199999 -150
-199999 -149
-199999 -148
-199999 -147
-199999 -146
-199999 -145
-199999 -144
-199999 -143
-199999 -142
-199999 -141
-199999 -140
-199999 -139
-199999 -138
-199999 -137
-199999 -136
-199999 -135
-199999 -134
-199999 -133
-199999 -132
-199999 -131
-199999 -130
-199999 -129
-199999 -128
-199999 -127
-199999 -126
-199999 -125
-199999 -124
-199999 -123
-199999 -122
-199999 -121
-199999 -120
-199999 -119
-199999 -118
-199999 -117
-199999 -116
-199999 -115
-199999 -114
-199999 -113
-199999 -112
-199999 -111
-199999 -110
-199999 -109
-199999 -108
-199999 -107
-199999 -106
-199999 -105
-199999 -104
-199999 -103
-199999 -102
-199999 -101
-199999 -100
-199999 -99
-199999 -98
-199999 -97
-199999 -96
-199999 -95
-199999 -94
-199999 -93
-199999 -92
-199999 -91
-199999 -90
-199999 -89
-199999 -88
-199999 -87
-199999 -86
-199999 -85
-199999 -84
-199999 -83
-199999 -82
-199999 -81
-199999 -80
-199999 -79
-199999 -78
-199999 -77
-199999 -76
-199999 -75
-199999 -74
-199999 -73
-199999 -72
-199999 -71
-199999 -70
-199999 -69
-199999 -68
-199999 -67
-199999 -66
-199999 -65
-199999 -64
-199999 -63
-199999 -62
-199999 -61
-199999 -60
-199999 -59
-199999 -58
-199999 -57
-199999 -56
-199999 -55
-199999 -54
-199999 -53
-199999 -52
-199999 -51
-199999 -50
-199999 -49
-199999 -48
-199999 -47
-199999 -46
-199999 -45
-199999 -44
-199999 -43
-199999 -42
-199999 -41
-199999 -40
-199999 -39
-199999 -38
-199999 -37
-199999 -36
-199999 -35
-199999 -34
-199999 -33
-199999 -32
-199999 -31
-199999 -30
-199999 -29
-199999 -28
-199999 -27
-199999 -26
-199999 -25
-199999 -24
-199999 -23
-199999 -22
-199999 -21
-199999 -20
-199999 -19
-199999 -18
-199999 -17
-199999 -16
-199999 -15
-199999 -14
-199999 -13
-199999 -12
-199999 -11
-199999 -10
-199999 -9
-199999 -8
-199999 -7
-199999 -6
-199999 -5
-199999 -4
-199999 -3
-199999 -2
-199999 -1
-199999 0
-199999 1
-199999 2
-199999 3
-199999 4
-199999 5
-199999 6
-199999 7
-199999 8
-199999 9
-199999 10
-199999 11
-199999 12
-199999 13
-199999 14
-199999 15
-199999 16
-199999 17
-199999 18
-199999 19
-199999 20
-199999 21
-199999 22
-199999 23
-199999 24
-199999 25
-199999 26
-199999 27
-199999 28
-199999 29
-199999 30
-199999 31
-199999 32
-199999 33
-199999 34
-199999 35
-199999 36
-199999 37
-199999 38
-199999 39
-199999 40
-199999 41
-199999 42
-199999 43
-199999 44
-199999 45
-199999 46
-199999 47
-199999 48
-199999 49
-199999 50
-199999 51
-199999 52
-199999 53
-199999 54
-199999 55
-199999 56
-199999 57
-199999 58
-199999 59
-199999 60
-199999 61
-199999 62
-199999 63
-199999 64
-199999 65
-199999 66
-199999 67
-199999 68
-199999 69
-199999 70
-199999 71
-199999 72
-199999 73
-199999 74
-199999 75
-199999 76
-199999 77
-199999 78
-199999 79
-199999 80
-199999 81
-199999 82
-199999 83
-199999 84
-199999 85
-199999 86
-199999 87
-199999 88
-199999 89
-199999 90
-199999 91
-199999 92
-199999 93
-199999 94
-199999 95
-199999 96
-199999 97
-199999 98
-199999 99
-199999 100
-199999 101
-199999 102
-199999 103
-199999 104
-199999 105
-199999 106
-199999 107
-199999 108
-199999 109
-199999 110
-199999 111
-199999 112
-199999 113
-199999 114
-199999 115
-199999 116
-199999 117
-199999 118
-199999 119
-199999 120
-199999 121
-199999 122
-199999 123
-199999 124
-199999 125
-199999 126
-199999 127
-199999 128
-199999 129
-199999 130
-199999 131
-199999 132
-199999 133
-199999 134
-199999 135
-199999 136
-199999 137
-199999 138
-199999 139
-199999 140
-199999 141
-199999 142
-199999 143
-199999 144
-199999 145
-199999 146
-199999 147
-199999 148
-199999 149
-199999 150
-199999 151
-199999 152
-199999 153
-199999 154
-199999 155
-199999 156
-199999 157
-199999 158
-199999 159
-199999 160
-199999 161
-199999 162
-199999 163
-199999 164
-199999 165
-199999 166
-199999 167
-199999 168
-199999 169
-199999 170
-199999 171
-199999 172
-199999 173
-199999 174
-199999 175
-199999 176
-199999 177
-199999 178
-199999 179
-199999 180
-199999 181
-199999 182
-199999 183
-199999 184
-199999 185
-199999 186
-199999 187
-199999 188
-199999 189
-199999 190
-199999 191
-199999 192
-199999 193
-199999 194
-199999 195
-199999 196
-199999 197
-199999 198
-199999 199
-199999 200
-199999 201
-199999 202
-199999 203
-199999 204
-199999 205
-199999 206
-199999 207
-199999 208
-199999 209
-199999 210
-199999 211
-199999 212
-199999 213
-199999 214
-199999 215
-199999 216
-199999 217
-199999 218
-199999 219
-199999 220
-199999 221
-199999 222
-199999 223
-199999 224
-199999 225
-199999 226
-199999 227
-199999 228
-199999 229
-199999 230
-199999 231
-199999 232
-199999 233
-199999 234
-199999 235
-199999 236
-199999 237
-199999 238
-199999 239
-199999 240
-199999 241
-199999 242
-199999 243
-199999 244
-199999 245
-199999 246
-199999 247
-199999 248
-199999 249
-199999 250
-199999 251
-199999 252
-199999 253
-199999 254
-199999 255
-199999 256
-199999 257
-199999 258
-199999 259
-199999 260
-199999 261
-199999 262
-199999 263
-199999 264
-199999 265
-199999 266
-199999 267
-199999 268
-199999 269
-199999 270
-199999 271
-199999 272
-199999 273
-199999 274
-199999 275
-199999 276
-199999 277
-199999 278
-199999 279
-199999 280
-199999 281
-199999 282
-199999 283
-199999 284
-199999 285
-199999 286
-199999 287
-199999 288
-199999 289
-199999 290
-199999 291
-199999 292
-199999 293
-199999 294
-199999 295
-199999 296
-199999 297
-199999 298
-199999 299
-199999 300
-199999 301
-199999 302
-199999 303
199999 -300
199999 -299
199999 -298
199999 -297
199999 -296
199999 -295
199999 -294
199999 -293
199999 -292
199999 -291
199999 -290
199999 -289
199999 -288
199999 -287
199999 -286
199999 -285
199999 -284
199999 -283
199999 -282
199999 -281
199999 -280
199999 -279
199999 -278
199999 -277
199999 -276
199999 -275
199999 -274
199999 -273
199999 -272
199999 -271
199999 -270
199999 -269
199999 -268
199999 -267
199999 -266
199999 -265
199999 -264
199999 -263
199999 -262
199999 -261
199999 -260
199999 -259
199999 -258
199999 -257
199999 -256
199999 -255
199999 -254
199999 -253
199999 -252
199999 -251
199999 -250
199999 -249
199999 -248
199999 -247
199999 -246
199999 -245
199999 -244
199999 -243
199999 -242
199999 -241
199999 -240
199999 -239
199999 -238
199999 -237
199999 -236
199999 -235
199999 -234
199999 -233
199999 -232
199999 -231
199999 -230
199999 -229
199999 -228
199999 -227
199999 -226
199999 -225
199999 -224
199999 -223
199999 -222
199999 -221
199999 -220
199999 -219
199999 -218
199999 -217
199999 -216
199999 -215
199999 -214
199999 -213
199999 -212
199999 -211
199999 -210
199999 -209
199999 -208
199999 -207
199999 -206
199999 -205
199999 -204
199999 -203
199999 -202
199999 -201
199999 -200
199999 -199
199999 -198
199999 -197
199999 -196
199999 -195
199999 -194
199999 -193
199999 -192
199999 -191
199999 -190
199999 -189
199999 -188
199999 -187
199999 -186
199999 -185
199999 -184
199999 -183
199999 -182
199999 -181
199999 -180
199999 -179
199999 -178
199999 -177
199999 -176
199999 -175
199999 -174
199999 -173
199999 -172
199999 -171
199999 -170
199999 -169
199999 -168
199999 -167
199999 -166
199999 -165
199999 -164
199999 -163
199999 -162
199999 -161
199999 -160
199999 -159
199999 -158
199999 -157
199999 -156
199999 -155
199999 -154
199999 -153
199999 -152
199999 -151
199999 -150
199999 -149
199999 -148
199999 -147
199999 -146
199999 -145
199999 -144
199999 -143
199999 -142
199999 -141
199999 -140
199999 -139
199999 -138
199999 -137
199999 -136
199999 -135
199999 -134
199999 -133
199999 -132
199999 -131
199999 -130
199999 -129
199999 -128
199999 -127
199999 -126
199999 -125
199999 -124
199999 -123
199999 -122
199999 -121
199999 -120
199999 -119
199999 -118
199999 -117
199999 -116
199999 -115
199999 -114
199999 -113
199999 -112
199999 -111
199999 -110
199999 -109
199999 -108
199999 -107
199999 -106
199999 -105
199999 -104
199999 -103
199999 -102
199999 -101
199999 -100
199999 -99
199999 -98
199999 -97
199999 -96
199999 -95
199999 -94
199999 -93
199999 -92
199999 -91
199999 -90
199999 -89
199999 -88
199999 -87
199999 -86
199999 -85
199999 -84
199999 -83
199999 -82
199999 -81
199999 -80
199999 -79
199999 -78
199999 -77
199999 -76
199999 -75
199999 -74
199999 -73
199999 -72
199999 -71
199999 -70
199999 -69
199999 -68
199999 -67
199999 -66
199999 -65
199999 -64
199999 -63
199999 -62
199999 -61
199999 -60
199999 -59
199999 -58
199999 -57
199999 -56
199999 -55
199999 -54
199999 -53
199999 -52
199999 -51
199999 -50
199999 -49
199999 -48
199999 -47
199999 -46
199999 -45
199999 -44
199999 -43
199999 -42
199999 -41
199999 -40
199999 -39
199999 -38
199999 -37
199999 -36
199999 -35
199999 -34
199999 -33
199999 -32
199999 -31
199999 -30
199999 -29
199999 -28
199999 -27
199999 -26
199999 -25
199999 -24
199999 -23
199999 -22
199999 -21
199999 -20
199999 -19
199999 -18
199999 -17
199999 -16
199999 -15
199999 -14
199999 -13
199999 -12
199999 -11
199999 -10
199999 -9
199999 -8
199999 -7
199999 -6
199999 -5
199999 -4
199999 -3
199999 -2
199999 -1
199999 0
199999 1
199999 2
199999 3
199999 4
199999 5
199999 6
199999 7
199999 8
199999 9
199999 10
199999 11
199999 12
199999 13
199999 14
199999 15
199999 16
199999 17
199999 18
199999 19
199999 20
199999 21
199999 22
199999 23
199999 24
199999 25
199999 26
199999 27
199999 28
199999 29
199999 30
199999 31
199999 32
199999 33
199999 34
199999 35
199999 36
199999 37
199999 38
199999 39
199999 40
199999 41
199999 42
199999 43
199999 44
199999 45
199999 46
199999 47
199999 48
199999 49
199999 50
199999 51
199999 52
199999 53
199999 54
199999 55
199999 56
199999 57
199999 58
199999 59
199999 60
199999 61
199999 62
199999 63
199999 64
199999 65
199999 66
199999 67
199999 68
199999 69
199999 70
199999 71
199999 72
199999 73
199999 74
199999 75
199999 76
199999 77
199999 78
199999 79
199999 80
199999 81
199999 82
199999 83
199999 84
199999 85
199999 86
199999 87
199999 88
199999 89
199999 90
199999 91
199999 92
199999 93
199999 94
199999 95
199999 96
199999 97
199999 98
199999 99
199999 100
199999 101
199999 102
199999 103
199999 104
199999 105
199999 106
199999 107
199999 108
199999 109
199999 110
199999 111
199999 112
199999 113
199999 114
199999 115
199999 116
199999 117
199999 118
199999 119
199999 120
199999 121
199999 122
199999 123
199999 124
199999 125
199999 126
199999 127
199999 128
199999 129
199999 130
199999 131
199999 132
199999 133
199999 134
199999 135
199999 136
199999 137
199999 138
199999 139
199999 140
199999 141
199999 142
199999 143
199999 144
199999 145
199999 146
199999 147
199999 148
199999 149
199999 150
199999 151
199999 152
199999 153
199999 154
199999 155
199999 156
199999 157
199999 158
199999 159
199999 160
199999 161
199999 162
199999 163
199999 164
199999 165
199999 166
199999 167
199999 168
199999 169
199999 170
199999 171
199999 172
199999 173
199999 174
199999 175
199999 176
199999 177
199999 178
199999 179
199999 180
199999 181
199999 182
199999 183
199999 184
199999 185
199999 186
199999 187
199999 188
199999 189
199999 190
199999 191
199999 192
199999 193
199999 194
199999 195
199999 196
199999 197
199999 198
199999 199
199999 200
199999 201
199999 202
199999 203
199999 204
199999 205
199999 206
199999 207
199999 208
199999 209
199999 210
199999 211
199999 212
199999 213
199999 214
199999 215
199999 216
199999 217
199999 218
199999 219
199999 220
199999 221
199999 222
199999 223
199999 224
199999 225
199999 226
199999 227
199999 228
199999 229
199999 230
199999 231
199999 232
199999 233
199999 234
199999 235
199999 236
199999 237
199999 238
199999 239
199999 240
199999 241
199999 242
199999 243
199999 244
199999 245
199999 246
199999 247
199999 248
199999 249
199999 250
199999 251
199999 252
199999 253
199999 254
199999 255
199999 256
199999 257
199999 258
199999 259
199999 260
199999 261
199999 262
199999 263
199999 264
199999 265
199999 266
199999 267
199999 268
199999 269
199999 270
199999 271
199999 272
199999 273
199999 274
199999 275
199999 276
199999 277
199999 278
199999 279
199999 280
199999 281
199999 282
199999 283
199999 284
199999 285
199999 286
199999 287
199999 288
199999 289
199999 290
199999 291
199999 292
199999 293
199999 294
199999 295
199999 296
199999 297
199999 298
199999 299
199999 300
199999 301
199999 302
199999 303
0 -300
0 -299
0 -298
0 -297
0 -296
0 -295
0 -294
0 -293
0 -292
0 -291
0 -290
0 -289
0 -288
0 -287
0 -286
0 -285
0 -284
0 -283
0 -282
0 -281
0 -280
0 -279
0 -278
0 -277
0 -276
0 -275
0 -274
0 -273
0 -272
0 -271
0 -270
0 -269
0 -268
0 -267
0 -266
0 -265
0 -264
0 -263
0 -262
0 -261
0 -260
0 -259
0 -258
0 -257
0 -256
0 -255
0 -254
0 -253
0 -252
0 -251
0 -250
0 -249
0 -248
0 -247
0 -246
0 -245
0 -244
0 -243
0 -242
0 -241
0 -240
0 -239
0 -238
0 -237
0 -236
0 -235
0 -234
0 -233
0 -232
0 -231
0 -230
0 -229
0 -228
0 -227
0 -226
0 -225
0 -224
0 -223
0 -222
0 -221
0 -220
0 -219
0 -218
0 -217
0 -216
0 -215
0 -214
0 -213
0 -212
0 -211
0 -210
0 -209
0 -208
0 -207
0 -206
0 -205
0 -204
0 -203
0 -202
0 -201
0 -200
0 -199
0 -198
0 -197
0 -196
0 -195
0 -194
0 -193
0 -192
0 -191
0 -190
0 -189
0 -188
0 -187
0 -186
0 -185
0 -184
0 -183
0 -182
0 -181
0 -180
0 -179
0 -178
0 -177
0 -176
0 -175
0 -174
0 -173
0 -172
0 -171
0 -170
0 -169
0 -168
0 -167
0 -166
0 -165
0 -164
0 -163
0 -162
0 -161
0 -160
0 -159
0 -158
0 -157
0 -156
0 -155
0 -154
0 -153
0 -152
0 -151
0 -150
0 -149
0 -148
0 -147
0 -146
0 -145
0 -144
0 -143
0 -142
0 -141
0 -140
0 -139
0 -138
0 -137
0 -136
0 -135
0 -134
0 -133
0 -132
0 -131
0 -130
0 -129
0 -128
0 -127
0 -126
0 -125
0 -124
0 -123
0 -122
0 -121
0 -120
0 -119
0 -118
0 -117
0 -116
0 -115
0 -114
0 -113
0 -112
0 -111
0 -110
0 -109
0 -108
0 -107
0 -106
0 -105
0 -104
0 -103
0 -102
0 -101
0 -100
0 -99
0 -98
0 -97
0 -96
0 -95
0 -94
0 -93
0 300
0 299
0 298
0 297
0 296
0 295
0 294
0 293
0 292
0 291
0 290
0 289
0 288
0 287
0 286
0 285
0 284
0 283
0 282
0 281
0 280
0 279
0 278
0 277
0 276
0 275
0 274
0 273
0 272
0 271
0 270
0 269
0 268
0 267
0 266
0 265
0 264
0 263
0 262
0 261
0 260
0 259
0 258
0 257
0 256
0 255
0 254
0 253
0 252
0 251
0 250
0 249
0 248
0 247
0 246
0 245
0 244
0 243
0 242
0 241
0 240
0 239
0 238
0 237
0 236
0 235
0 234
0 233
0 232
0 231
0 230
0 229
0 228
0 227
0 226
0 225
0 224
0 223
0 222
0 221
0 220
0 219
0 218
0 217
0 216
0 215
0 214
0 213
0 212
0 211
0 210
0 209
0 208
0 207
0 206
0 205
0 204
0 203
0 202
0 201
0 200
0 199
0 198
0 197
0 196
0 195
0 194
0 193
0 192
0 191
0 190
0 189
0 188
0 187
0 186
0 185
0 184
0 183
0 182
0 181
0 180
0 179
0 178
0 177
0 176
0 175
0 174
0 173
0 172
0 171
0 170
0 169
0 168
0 167
0 166
0 165
0 164
0 163
0 162
0 161
0 160
0 159
0 158
0 157
0 156
0 155
0 154
0 153
0 152
0 151
0 150
0 149
0 148
0 147
0 146
0 145
0 144
0 143
0 142
0 141
0 140
0 139
0 138
0 137
0 136
0 135
0 134
0 133
0 132
0 131
0 130
0 129
0 128
0 127
0 126
0 125
0 124
0 123
0 122
0 121
0 120
0 119
0 118
0 117
0 116
0 115
0 114
0 113
0 112
0 111
0 110
0 109
0 108
0 107
0 106
0 105
0 104
0 103
0 102
0 101
0 100
0 99
0 98
0 97
0 96
0 95
0 94
0 93
0 92
0 91
0 90
0 89
0 88
0 87
0 86
0 85
0 84
0 83
0 82
0 81
0 80
0 79
0 78
0 77
0 76
0 75
0 74
0 73
0 72
0 71
0 70
0 69
0 68
0 67
0 66
0 65
0 64
0 63
0 62
0 61
0 60
0 59
0 58
0 57
0 56
0 55
0 54
0 53
0 52
0 51
0 50
0 49
0 48
0 47
0 46
0 45
0 44
0 43
0 42
0 41
0 40
0 39
0 38
0 37
0 36
0 35
0 34
0 33
0 32
0 31
0 30
0 29
0 28
0 27
0 26
0 25
0 24
0 23
0 22
0 21
0 20
0 19
0 18
0 17
0 16
0 15
0 14
0 13
-4 -200
-4 -199
-4 -198
-4 -197
-4 -196
-4 -195
-4 -194
-4 -193
-4 -192
-4 -191
-4 -190
-4 -189
-4 -188
-4 -187
-4 -186
-4 -185
-4 -184
-4 -183
-4 -182
-4 -181
-4 -180
-4 -179
-4 -178
-4 -177
-4 -176
-4 -175
-4 -174
-4 -173
-4 -172
-4 -171
-4 -170
-4 -169
-4 -168
-4 -167
-4 -166
-4 -165
-4 -164
-4 -163
-4 -162
-4 -161
-4 -160
-4 -159
-4 -158
-4 -157
-4 -156
-4 -155
-4 -154
-4 -153
-4 -152
-4 -151
-4 -150
-4 -149
-4 -148
-4 -147
-4 -146
-4 -145
-4 -144
-4 -143
-4 -142
-4 -141
-4 -140
-4 -139
-4 -138
-4 -137
-4 -136
-4 -135
-4 -134
-4 -133
-4 -132
-4 -131
-4 -130
-4 -129
-4 -128
-4 -127
-4 -126
-4 -125
-4 -124
-4 -123
-4 -122
-4 -121
-4 -120
-4 -119
-4 -118
-4 -117
-4 -116
-4 -115
-4 -114
-4 -113
-4 -112
-4 -111
-4 -110
-4 -109
-4 -108
-4 -107
-4 -106
-4 -105
-4 -104
-4 -103
-4 -102
-4 -101
-4 -100
-4 -99
-4 -98
-4 -97
-4 -96
-4 -95
-4 -94
-4 -93
-4 -92
-4 -91
-4 -90
-4 -89
-4 -88
-4 -87
-4 -86
-4 -85
-4 -84
-4 -83
-4 -82
-4 -81
-4 -80
-4 -79
-4 -78
-4 -77
-4 -76
-4 -75
-4 -74
-4 -73
-4 -72
-4 -71
-4 -70
-4 -69
-4 -68
-4 -67
-4 -66
-4 -65
-4 -64
-4 -63
-4 -62
-4 -61
-4 -60
-4 -59
-4 -58
-4 -57
-4 -56
-4 -55
-4 -54
-4 -53
-4 -52
-4 -51
-4 -50
-4 -49
-4 -48
-4 -47
-4 -46
-4 -45
-4 -44
-4 -43
-4 -42
-4 -41
-4 -40
-4 -39
-4 -38
-4 -37
-4 -36
-4 -35
-4 -34
-4 -33
-4 -32
-4 -31
-4 -30
-4 -29
-4 -28
-4 -27
-4 -26
-4 -25
-4 -24
-4 -23
-4 -22
-4 -21
-4 -20
-4 -19
-4 -18
-4 -17
-4 -16
-4 -15
-4 -14
-4 -13
4 -200
4 -199
4 -198
4 -197
4 -196
4 -195
4 -194
4 -193
4 -192
4 -191
4 -190
4 -189
4 -188
4 -187
4 -186
4 -185
4 -184
4 -183
4 -182
4 -181
4 -180
4 -179
4 -178
4 -177
4 -176
4 -175
4 -174
4 -173
4 -172
4 -171
4 -170
4 -169
4 -168
4 -167
4 -166
4 -165
4 -164
4 -163
4 -162
4 -161
4 -160
4 -159
4 -158
4 -157
4 -156
4 -155
4 -154
4 -153
4 -152
4 -151
4 -150
4 -149
4 -148
4 -147
4 -146
4 -145
4 -144
4 -143
4 -142
4 -141
4 -140
4 -139
4 -138
4 -137
4 -136
4 -135
4 -134
4 -133
4 -132
4 -131
4 -130
4 -129
4 -128
4 -127
4 -126
4 -125
4 -124
4 -123
4 -122
4 -121
4 -120
4 -119
4 -118
4 -117
4 -116
4 -115
4 -114
4 -113
4 -112
4 -111
4 -110
4 -109
4 -108
4 -107
4 -106
4 -105
4 -104
4 -103
4 -102
4 -101
4 -100
4 -99
4 -98
4 -97
4 -96
4 -95
4 -94
4 -93
4 -92
4 -91
4 -90
4 -89
4 -88
4 -87
4 -86
4 -85
4 -84
4 -83
4 -82
4 -81
4 -80
4 -79
4 -78
4 -77
4 -76
4 -75
4 -74
4 -73
4 -72
4 -71
4 -70
4 -69
4 -68
4 -67
4 -66
4 -65
4 -64
4 -63
4 -62
4 -61
4 -60
4 -59
4 -58
4 -57
4 -56
4 -55
4 -54
4 -53
4 -52
4 -51
4 -50
4 -49
4 -48
4 -47
4 -46
4 -45
4 -44
4 -43
4 -42
4 -41
4 -40
4 -39
4 -38
4 -37
4 -36
4 -35
4 -34
4 -33
4 -32
4 -31
4 -30
4 -29
4 -28
4 -27
4 -26
4 -25
4 -24
4 -23
4 -22
4 -21
4 -20
4 -19
4 -18
4 -17
4 -16
4 -15
4 -14
4 -13
200000 -200
200000 -199
200000 -198
200000 -197
200000 -196
200000 -195
200000 -194
200000 -193
200000 -192
200000 -191
200000 -190
200000 -189
200000 -188
200000 -187
200000 -186
200000 -185
200000 -184
200000 -183
200000 -182
200000 -181
200000 -180
200000 -179
200000 -178
200000 -177
200000 -176
200000 -175
200000 -174
200000 -173
200000 -172
200000 -171
200000 -170
200000 -169
200000 -168
200000 -167
200000 -166
200000 -165
200000 -164
200000 -163
200000 -162
200000 -161
200000 -160
200000 -159
200000 -158
200000 -157
200000 -156
200000 -155
200000 -154
200000 -153
200000 -152
200000 -151
200000 -150
200000 -149
200000 -148
200000 -147
200000 -146
200000 -145
200000 -144
200000 -143
200000 -142
200000 -141
200000 -140
200000 -139
200000 -138
200000 -137
200000 -136
200000 -135
200000 -134
200000 -133
200000 -132
200000 -131
200000 -130
200000 -129
200000 -128
200000 -127
200000 -126
200000 -125
200000 -124
200000 -123
200000 -122
200000 -121
200000 -120
200000 -119
200000 -118
200000 -117
200000 -116
200000 -115
200000 -114
200000 -113
200000 -112
200000 -111
200000 -110
200000 -109
200000 -108
200000 -107
200000 -106
200000 -105
200000 -104
200000 -103
200000 -102
200000 -101
200000 -100
200000 -99
200000 -98
200000 -97
200000 -96
200000 -95
200000 -94
200000 -93
200000 -92
200000 -91
200000 -90
200000 -89
200000 -88
200000 -87
200000 -86
200000 -85
200000 -84
200000 -83
200000 -82
200000 -81
200000 -80
200000 -79
200000 -78
200000 -77
200000 -76
200000 -75
200000 -74
200000 -73
200000 -72
200000 -71
200000 -70
200000 -69
200000 -68
200000 -67
200000 -66
200000 -65
200000 -64
200000 -63
200000 -62
200000 -61
200000 -60
200000 -59
200000 -58
200000 -57
200000 -56
200000 -55
200000 -54
200000 -53
200000 -52
200000 -51
200000 -50
200000 -49
200000 -48
200000 -47
200000 -46
200000 -45
200000 -44
200000 -43
200000 -42
200000 -41
200000 -40
200000 -39
200000 -38
200000 -37
200000 -36
200000 -35
200000 -34
200000 -33
200000 -32
200000 -31
200000 -30
200000 -29
200000 -28
200000 -27
200000 -26
200000 -25
200000 -24
200000 -23
200000 -22
200000 -21
200000 -20
200000 -19
200000 -18
200000 -17
200000 -16
200000 -15
200000 -14
200000 -13
-200000 -200
-200000 -199
-200000 -198
-200000 -197
-200000 -196
-200000 -195
-200000 -194
-200000 -193
-200000 -192
-200000 -191
-200000 -190
-200000 -189
-200000 -188
-200000 -187
-200000 -186
-200000 -185
-200000 -184
-200000 -183
-200000 -182
-200000 -181
-200000 -180
-200000 -179
-200000 -178
-200000 -177
-200000 -176
-200000 -175
-200000 -174
-200000 -173
-200000 -172
-200000 -171
-200000 -170
-200000 -169
-200000 -168
-200000 -167
-200000 -166
-200000 -165
-200000 -164
-200000 -163
-200000 -162
-200000 -161
-200000 -160
-200000 -159
-200000 -158
-200000 -157
-200000 -156
-200000 -155
-200000 -154
-200000 -153
-200000 -152
-200000 -151
-200000 -150
-200000 -149
-200000 -148
-200000 -147
-200000 -146
-200000 -145
-200000 -144
-200000 -143
-200000 -142
-200000 -141
-200000 -140
-200000 -139
-200000 -138
-200000 -137
-200000 -136
-200000 -135
-200000 -134
-200000 -133
-200000 -132
-200000 -131
-200000 -130
-200000 -129
-200000 -128
-200000 -127
-200000 -126
-200000 -125
-200000 -124
-200000 -123
-200000 -122
-200000 -121
-200000 -120
-200000 -119
-200000 -118
-200000 -117
-200000 -116
-200000 -115
-200000 -114
-200000 -113
-200000 -112
-200000 -111
-200000 -110
-200000 -109
-200000 -108
-200000 -107
-200000 -106
-200000 -105
-200000 -104
-200000 -103
-200000 -102
-200000 -101
-200000 -100
-200000 -99
-200000 -98
-200000 -97
-200000 -96
-200000 -95
-200000 -94
-200000 -93
-200000 -92
-200000 -91
-200000 -90
-200000 -89
-200000 -88
-200000 -87
-200000 -86
-200000 -85
-200000 -84
-200000 -83
-200000 -82
-200000 -81
-200000 -80
-200000 -79
-200000 -78
-200000 -77
-200000 -76
-200000 -75
-200000 -74
-200000 -73
-200000 -72
-200000 -71
-200000 -70
-200000 -69
-200000 -68
-200000 -67
-200000 -66
-200000 -65
-200000 -64
-200000 -63
-200000 -62
-200000 -61
-200000 -60
-200000 -59
-200000 -58
-200000 -57
-200000 -56
-200000 -55
-200000 -54
-200000 -53
-200000 -52
-200000 -51
-200000 -50
-200000 -49
-200000 -48
-200000 -47
-200000 -46
-200000 -45
-200000 -44
-200000 -43
-200000 -42
-200000 -41
-200000 -40
-200000 -39
-200000 -38
-200000 -37
-200000 -36
-200000 -35
-200000 -34
-200000 -33
-200000 -32
-200000 -31
-200000 -30
-200000 -29
-200000 -28
-200000 -27
-200000 -26
-200000 -25
-200000 -24
-200000 -23
-200000 -22
-200000 -21
-200000 -20
-200000 -19
-200000 -18
-200000 -17
-200000 -16
-200000 -15
-200000 -14
-200000 -13
13 200
13 199
13 198
13 197
13 196
-200000 200
-200000 199
-200000 198
-200000 197
-200000 196
-200000 195
-200000 194
-200000 193
-200000 192
-200000 191
-200000 190
-200000 189
-200000 188
-200000 187
-200000 186
-200000 185
-200000 184
-200000 183
-200000 182
-200000 181
-200000 180
-200000 179
-200000 178
-200000 177
-200000 176
-200000 175
-200000 174
-200000 173
-200000 172
-200000 171
-200000 170
-200000 169
-200000 168
-200000 167
-200000 166
-200000 165
-200000 164
-200000 163
-200000 162
-200000 161
-200000 160
-200000 159
-200000 158
-200000 157
-200000 156
-200000 155
-200000 154
-200000 153
-200000 152
-200000 151
-200000 150
-200000 149
-200000 148
-200000 147
-200000 146
-200000 145
-200000 144
-200000 143
-200000 142
-200000 141
-200000 140
-200000 139
-200000 138
-200000 137
-200000 136
-200000 135
-200000 134
-200000 133
-200000 132
-200000 131
-200000 130
-200000 129
-200000 128
-200000 127
-200000 126
-200000 125
-200000 124
-200000 123
-200000 122
-200000 121
-200000 120
-200000 119
-200000 118
-200000 117
-200000 116
-200000 115
-200000 114
-200000 113
-200000 112
-200000 111
-200000 110
-200000 109
-200000 108
-200000 107
-200000 106
-200000 105
-200000 104
-200000 103
-200000 102
-200000 101
-200000 100
-200000 99
-200000 98
-200000 97
-200000 96
-200000 95
-200000 94
-200000 93
-200000 92
-200000 91
-200000 90
-200000 89
-200000 88
-200000 87
-200000 86
-200000 85
-200000 84
-200000 83
-200000 82
-200000 81
-200000 80
-200000 79
-200000 78
-200000 77
-200000 76
-200000 75
-200000 74
-200000 73
-200000 72
-200000 71
-200000 70
-200000 69
-200000 68
-200000 67
-200000 66
-200000 65
-200000 64
-200000 63
-200000 62
-200000 61
-200000 60
-200000 59
-200000 58
-200000 57
-200000 56
-200000 55
-200000 54
-200000 53
-200000 52
-200000 51
-200000 50
-200000 49
-200000 48
-200000 47
-200000 46
-200000 45
-200000 44
-200000 43
-200000 42
-200000 41
-200000 40
-200000 39
-200000 38
-200000 37
-200000 36
-200000 35
-200000 34
-200000 33
-200000 32
-200000 31
-200000 30
-200000 29
-200000 28
-200000 27
-200000 26
-200000 25
-200000 24
-200000 23
-200000 22
-200000 21
-200000 20
-200000 19
-200000 18
-200000 17
-200000 16
-200000 15
-200000 14
-200000 13
13 195
13 194
13 193
13 192
13 191
13 190
13 189
13 188
13 187
13 186
13 185
13 184
13 183
13 182
13 181
13 180
13 179
13 178
13 177
13 176
13 175
13 174
13 173
13 172
13 171
13 170
13 169
13 168
13 167
13 166
13 165
13 164
13 163
13 162
13 161
13 160
13 159
13 158
13 157
13 156
13 155
13 154
13 153
13 152
13 151
13 150
13 149
13 148
13 147
13 146
13 145
13 144
13 143
13 142
13 141
13 140
13 139
13 138
13 137
13 136
13 135
13 134
13 133
13 132
13 131
13 130
13 129
13 128
13 127
13 126
13 125
13 124
13 123
13 122
13 121
13 120
13 119
13 118
13 117
13 116
13 115
13 114
13 113
13 112
13 111
13 110
13 109
13 108
13 107
13 106
13 105
13 104
13 103
13 102
13 101
13 100
13 99
13 98
13 97
13 96
13 95
13 94
13 93
13 92
13 91
13 90
13 89
13 88
13 87
13 86
13 85
13 84
13 83
13 82
13 81
13 80
13 79
13 78
13 77
13 76
13 75
13 74
13 73
13 72
13 71
13 70
13 69
13 68
13 67
13 66
13 65
13 64
13 63
13 62
13 61
13 60
13 59
13 58
13 57
13 56
13 55
13 54
13 53
13 52
13 51
13 50
13 49
13 48
13 47
13 46
13 45
13 44
13 43
13 42
13 41
13 40
13 39
13 38
13 37
13 36
13 35
13 34
13 33
13 32
13 31
13 30
13 29
13 28
13 27
13 26
13 25
13 24
13 23
13 22
13 21
13 20
13 19
13 18
13 17
13 16
13 15
13 14
13 13
12 200
12 199
12 198
12 197
12 196
12 195
12 194
12 193
12 192
12 191
12 190
12 189
12 188
12 187
12 186
12 185
12 184
12 183
12 182
12 181
12 180
12 179
12 178
12 177
12 176
12 175
12 174
12 173
12 172
12 171
12 170
12 169
12 168
12 167
12 166
12 165
12 164
12 163
12 162
12 161
12 160
12 159
12 158
12 157
12 156
12 155
12 154
12 153
12 152
12 151
12 150
12 149
12 148
12 147
12 146
12 145
12 144
12 143
12 142
12 141
12 140
12 139
12 138
12 137
12 136
12 135
12 134
12 133
12 132
12 131
12 130
12 129
12 128
12 127
12 126
12 125
12 124
12 123
12 122
12 121
12 120
12 119
12 118
12 117
12 116
12 115
12 114
12 113
12 112
12 111
12 110
12 109
12 108
12 107
12 106
12 105
12 104
12 103
12 102
12 101
12 100
12 99
12 98
12 97
12 96
12 95
12 94
12 93
12 92
12 91
12 90
12 89
12 88
12 87
12 86
12 85
12 84
12 83
12 82
12 81
12 80
12 79
12 78
12 77
12 76
12 75
12 74
12 73
12 72
12 71
12 70
12 69
12 68
12 67
12 66
12 65
12 64
12 63
12 62
12 61
12 60
12 59
12 58
12 57
12 56
12 55
12 54
12 53
12 52
12 51
12 50
12 49
12 48
12 47
12 46
12 45
12 44
12 43
12 42
12 41
12 40
12 39
12 38
12 37
12 36
12 35
12 34
12 33
12 32
12 31
12 30
12 29
12 28
12 27
12 26
12 25
12 24
12 23
12 22
12 21
12 20
12 19
12 18
12 17
12 16
12 15
12 14
12 13
-1 100
-1 99
-1 98
-1 97
-1 96
-1 95
-1 94
-1 93
-1 92
-1 91
-1 90
-1 89
-1 88
-1 87
-1 86
-1 85
-1 84
-1 83
-1 82
-1 81
-1 80
-1 79
-1 78
-1 77
-1 76
-1 75
-1 74
-1 73
-1 72
-1 71
-1 70
-1 69
-1 68
-1 67
-1 66
-1 65
-1 64
-1 63
-1 62
-1 61
-1 60
-1 59
-1 58
-1 57
-1 56
-1 55
-1 54
-1 53
-1 52
-1 51
-1 50
-1 49
-1 48
-1 47
-1 46
-1 45
-1 44
-1 43
-1 42
-1 41
-1 40
-1 39
-1 38
-1 37
-1 36
-1 35
-1 34
-1 33
-1 32
-1 31
-1 30
-1 29
-1 28
-1 27
-1 26
-1 25
-1 24
-1 23
-1 22
-1 21
-1 20
-5 100
-5 99
-5 98
-5 97
-5 96
-5 95
-5 94
-5 93
-5 92
-5 91
-5 90
-5 89
-5 88
-5 87
-5 86
-5 85
-5 84
-5 83
-5 82
-5 81
-5 80
-5 79
-5 78
-5 77
-5 76
-5 75
-5 74
-5 73
-5 72
-5 71
-5 70
-5 69
-5 68
-5 67
-5 66
-5 65
-5 64
-5 63
-5 62
-5 61
-5 60
-5 59
-5 58
-5 57
-5 56
-5 55
-5 54
-5 53
-5 52
-5 51
-5 50
-5 49
-5 48
-5 47
-5 46
-5 45
-5 44
-5 43
-5 42
-5 41
-5 40
-5 39
-5 38
-5 37
-5 36
-5 35
-5 34
-5 33
-5 32
-5 31
-5 30
-5 29
-5 28
-5 27
-5 26
-5 25
-5 24
-5 23
-5 22
-5 21
-5 20
-5 19
-5 18
-5 17
-5 16
-5 15
-5 14
-5 13
-5 12
-5 11
-5 10
5 100
5 99
5 98
5 97
5 96
5 95
5 94
5 93
5 92
5 91
5 90
5 89
5 88
5 87
5 86
5 85
5 84
5 83
5 82
5 81
5 80
5 79
5 78
5 77
5 76
5 75
5 74
5 73
5 72
5 71
5 70
5 69
5 68
5 67
5 66
5 65
5 64
5 63
5 62
5 61
5 60
5 59
5 58
5 57
5 56
5 55
5 54
5 53
5 52
5 51
5 50
5 49
5 48
5 47
5 46
5 45
5 44
5 43
5 42
5 41
5 40
5 39
5 38
5 37
5 36
5 35
5 34
5 33
5 32
5 31
5 30
5 29
5 28
5 27
5 26
5 25
5 24
5 23
5 22
5 21
5 20
5 19
5 18
5 17
5 16
5 15
5 14
5 13
5 12
5 11
5 10
-5 0
-4 0
-3 0
-2 0
-1 0
0 0
1 0
2 0 
3 0
4 0
5 0
-6 10
-6 9
-6 8
-6 3
-6 0
-6 -2
-6 -3
-3 10
-3 9
-3 8
-3 3
-3 -1
-3 -2
-3 -3
-1 10
-1 9
-1 8
-1 3
-1 2
-1 -2
-1 -3
-2 10
-2 9
-2 8
-2 3
-2 1
-2 -2
-2 -3
-5 4
-4 4
-3 4
-2 4
-1 4
0 4
1 4
2 4 
3 4
4 4
5 4
0 -10
0 -11
0 -12
0 -13
0 -14
0 -15
0  -16
0 -17
0 -18
0 -19
0 -20
0 -21
0 -22
0 -23
0 -24
0 -25
0 -26
0 -27
0 -28
0 -29
0 -30
1 -10
1 -11
1 -12
1 -13
1 -14
1 -15
1  -16
1 -17
1 -18
1 -19
1 -20
1 -21
1 -22
1 -23
1 -24
1 -25
1 -26
1 -27
1 -28
1 -29
1 -30
-2 200
-2 199
-2 198
-2 197
-2 196
-2 195
-2 194
-2 193
-2 192
-2 191
-2 190
-2 189
-2 188
-2 187
-2 186
-2 185
-2 184
-2 183
-2 182
-2 181
-2 180
-2 179
-2 178
-2 177
-2 176
-2 175
-2 174
-2 173
-2 172
-2 171
-2 170
-2 169
-2 168
-2 167
-2 166
-2 165
-2 164
-2 163
-2 162
-2 161
-2 160
-2 159
-2 158
-2 157
-2 156
-2 155
-2 154
-2 153
-2 152
-2 151
-2 150
-2 149
-2 148
-2 147
-2 146
-2 145
-2 144
-2 143
-2 142
-2 141
-2 140
-2 139
-2 138
-2 137
-2 136
-2 135
-2 134
-2 133
-2 132
-2 131
-2 130
-2 129
-2 128
-2 127
-2 126
-2 125
-2 124
-2 123
-2 122
-2 121
-2 120
-2 119
-2 118
-2 117
-2 116
-2 115
-2 114
-2 113
-2 112
-2 111
-2 110
-2 109
-2 108
-2 107
-2 106
-2 105
-2 104
-2 103
-2 102
-2 101
-2 100
-2 99
-2 98
-2 97
-2 96
-2 95
-2 94
-2 93
-2 92
-2 91
-2 90
-2 89
-2 88
-2 87
-2 86
-2 85
-2 84
-2 83
-2 82
-2 81
-2 80
-2 79
-2 78
-2 77
-2 76
-2 75
-2 74
-2 73
-2 72
-2 71
-2 70
-2 69
-2 68
-2 67
-2 66
-2 65
-2 64
-2 63
-2 62
-2 61
-2 60
-2 59
-2 58
-2 57
-2 56
-2 55
-2 54
-2 53
-2 52
-2 51
-2 50
-2 49
-2 48
-2 47
-2 46
-2 45
-2 44
-2 43
-2 42
-2 41
-2 40
-2 39
-2 38
-2 37
-2 36
-2 35
-2 34
-2 33
-2 32
-2 31
-2 30
-2 29
-2 28
-2 27
-2 26
-2 25
-2 24
-2 23
-2 22
-2 21
-2 20
-2 19
-2 18
-2 17
-2 16
-2 15
-2 14
-2 13